2011,08,01;165,10109,20,76,4
2011,08,02;5051,18905,18,75,6
2011,08,03;19669,20908,18,54,2;117,28043,39,78,4
2011,08,04;117,28581,33,79,4
2011,08,05;3048,6908,35,69,6
2011,08,06;19760,28580,28,66,6
2011,08,07;11332,20665,52,79,4
2011,08,09;189,6249,23,65,6
2011,09,09;214,7568,24,62,4
2011,09,10;8032,13383,18,74,4
2011,09,19;3463,9449,19,71,4
2011,09,21;7690,12039,30,70,6
2011,09,22;10408,10892,15,63,2;10329,20639,19,69,4
2011,09,23;16542,17485,28,71,2
2011,09,24;7397,11941,18,79,4;17463,28360,16,79,4
2011,09,26;1607,27726,22,78,4
2011,09,27;181,26437,19,79,4
2011,09,28;1118,27090,28,74,4
2011,09,29;18718,19733,20,62,2
2013,08,12;11551,17855,18,79,4
2013,08,13;18856,28507,26,74,4
2019,03,09;7850,9020,17,74,2
2019,03,20;5950,6834,17,67,2
2017,09,06;7056,11216,42,71,4
2015,08,22;140,6786,31,77,4
2012,09,02;12845,16632,35,78,6
2012,09,23;25599,28580,24,64,6
2018,03,30;905,1903,17,64,2
2018,03,31;5246,5942,16,64,2
2012,08,13;17190,18698,13,79,2
2012,08,14;13530,16608,21,78,6
2012,08,16;18425,23372,22,78,4
2014,09,01;11287,11587,17,55,2
2014,09,02;24778,28572,13,77,0
2014,09,04;22671,22796,21,75,0
2014,09,05;22732,22857,21,75,0
2014,09,06;22732,22857,21,75,0;6059,19371,17,75,4
2014,09,07;22731,22856,21,75,0
2014,09,08;22792,22917,21,75,0
2014,09,09;27067,27410,16,78,0;442,25194,19,76,4
2014,09,10;5065,6200,21,75,0
2014,09,11;23293,23384,18,76,0
2014,09,12;22851,22976,21,75,0
2014,09,13;22851,22976,21,75,0
2014,09,14;22911,23036,21,75,0
2014,09,15;22912,23037,21,75,0
2014,09,16;22912,23037,21,75,0
2014,09,17;22971,23096,21,75,0;19050,19096,14,75,3;19108,19156,14,79,3;16233,19711,11,78,5
2014,09,18;22972,23097,21,75,0;17056,17101,19,79,3;18958,18994,20,77,3;3223,4113,40,79,2;15055,17919,13,78,5;18051,19025,18,78,5;19678,19718,20,79,3;19668,20418,12,79,5
2014,09,19;3882,4441,16,77,0
2014,09,20;17404,25565,15,78,0
2014,09,21;1720,3053,17,77,0;16358,17049,28,62,2
2014,09,22;14408,14457,18,76,0
2014,09,23;5206,5359,18,69,0
2014,09,24;1023,8211,18,76,0;9510,9582,11,77,3;8234,9654,12,79,5
2014,09,25;5768,6975,17,75,0
2014,09,26;23152,23277,21,75,0
2014,09,27;23152,23277,21,75,0
2014,09,28;23211,23336,21,75,0;10557,10599,16,66,3;10632,10680,16,66,3;9800,12828,12,78,5
2014,09,29;23211,23336,21,75,0
2014,09,30;23212,23337,21,75,0
2014,08,01;22252,22377,21,75,0;11625,11673,12,66,3;11688,11736,15,69,3;10222,12229,11,78,5;12616,12659,13,75,3;12301,13680,12,78,5
2014,08,02;22252,22377,21,75,0;15335,15395,13,77,3;14574,16463,12,78,5
2014,08,03;22251,22376,21,75,0
2014,08,04;22251,22376,21,75,0
2014,08,05;22252,22377,21,75,0;25480,25513,16,64,3;23395,26762,13,77,5
2014,08,06;22251,22376,21,75,0;4507,4555,13,68,3;2715,6176,12,78,5;7886,7943,12,74,3;6474,8000,12,79,5;15823,15874,12,78,3;16108,16144,13,75,3;16156,16198,12,73,3;16264,16321,13,72,3;13711,17151,12,78,5
2014,08,07;22251,22376,21,75,0
2014,08,08;22312,22437,21,75,0
2014,08,09;22311,22436,21,75,0
2014,08,10;4300,4351,19,74,3;2009,4878,12,78,5;12170,12224,12,78,3;12230,12284,12,79,3;10845,13209,13,78,5
2014,08,11;22753,22844,18,76,0;9781,9829,12,77,3;11430,11478,14,78,3;11499,11535,15,79,3;11544,11586,12,80,3;11595,11640,13,79,3;11652,11682,12,78,3;9775,11749,12,79,5
2014,08,12;22311,22436,21,75,0
2014,08,13;22312,22437,21,75,0
2014,08,14;22372,22497,21,75,0;2439,2481,18,60,3;2490,2529,16,60,3;2779,2821,17,57,3;1250,4119,11,78,5;5432,5462,15,76,3;5474,5522,17,77,3;4229,7125,12,78,5
2014,08,15;22371,22496,21,75,0
2014,08,16;22371,22496,21,75,0
2014,08,17;22371,22496,21,75,0
2014,08,18;22372,22497,21,75,0
2014,08,19;22432,22557,21,75,0
2014,08,20;16805,24966,15,78,0
2014,08,21;1120,2453,17,77,0;13286,13315,12,69,3;17260,17288,15,68,3;17372,17412,13,67,3;21072,21182,15,78,0;22172,22480,12,77,0;11513,14168,13,78,5;16374,18188,11,77,5;22506,22545,16,63,3;21956,23581,11,78,5
2014,08,22;7849,8179,12,79,0;4821,7096,13,78,0;8361,8415,12,77,3;7220,8424,12,77,5;8591,10024,13,79,2
2014,08,23;4606,4759,18,69,0
2014,08,24;423,7611,18,76,0;15627,16834,22,79,2;18113,19248,14,79,0;23290,23344,18,71,3;21692,24570,12,77,5
2014,08,25;5108,6315,17,75,0;24523,24573,15,64,3;26089,27453,16,73,2;22712,23915,17,76,0;23948,25270,12,77,5
2014,08,26;22491,22616,21,75,0;2900,2949,15,69,3;827,4224,12,78,5;15627,15695,12,66,3;13332,16504,12,78,5
2014,08,27;22551,22676,21,75,0
2014,08,28;22551,22676,21,75,0
2014,08,29;22552,22677,21,75,0
2014,08,30;22611,22736,21,75,0
2014,08,31;3408,3465,13,78,0
2014,12,02;23271,23396,21,75,0;767,1102,16,78,0;8774,8803,23,74,3;10454,10516,14,79,0;6746,10051,12,78,5;10582,10612,23,66,3;10126,11895,12,78,5
2014,12,06;8836,17717,27,65,4;18672,25805,20,73,0
2014,12,07;23151,23276,21,75,0;9801,9918,22,65,0
2014,12,09;4546,4582,15,78,0
2014,12,14;22971,23096,21,75,0;3199,3345,22,78,0;6583,6659,17,79,0;7827,7896,17,78,0;8912,8990,17,79,0;18526,18574,27,65,3;16092,18589,23,78,5
2014,12,17;22851,22976,21,75,0;14512,14635,15,78,0
2014,12,21;12687,17216,23,77,6;7281,7793,37,62,2;7841,8488,14,79,0;581,4516,18,74,0
2014,12,30;22491,22616,21,75,0;11306,15020,29,68,6
2014,06,01;14432,14471,17,64,3;12556,16156,12,78,5
2014,06,02;23659,23696,13,66,3;23788,23839,13,67,3;23890,23966,16,73,0;24028,24106,16,78,0;27176,27209,26,51,0;22128,25599,13,78,5
2014,06,03;21161,21239,26,69,0
2014,06,04;10886,10935,22,78,0;15662,15760,21,67,0;16311,16391,18,58,0;18853,18938,20,76,0;26731,26800,26,54,0;28198,28267,26,76,0;28413,28448,16,67,3;15841,15870,15,63,3;16209,16233,14,39,3;15883,15901,18,38,3;13580,17059,11,78,5;19118,19143,21,79,3;17101,19165,11,77,5;26847,28707,12,77,5
2014,06,05;8920,8989,15,63,0;17654,17688,10,80,3;13712,13756,24,59,0;13813,13873,28,70,0;16059,16103,21,73,0;14980,15028,30,74,0;17703,17731,22,78,0;18270,18358,17,53,0;22111,22244,23,72,0;23072,23222,18,76,0;15196,15280,16,77,0;13123,13271,17,76,0;12868,12949,14,79,0;13589,13622,18,57,3;13558,14225,12,79,5;15816,15850,14,44,3;15728,16264,11,78,5;17196,18394,14,77,5;18468,18492,18,50,3;19114,19152,16,69,3;18423,18727,14,78,5;18855,19172,13,77,5;8758,8802,14,76,3;8534,9048,11,77,5
2014,06,06;12717,12744,17,78,3;12767,12802,14,68,3;28583,28634,32,62,3;6873,6937,21,64,0;10732,10783,19,56,0;10358,10395,19,56,0;11228,11257,22,79,0;12630,12666,17,68,3;13415,13453,21,75,0;13464,13506,19,76,0;13515,13559,19,78,0;13583,13619,18,77,0;13832,13883,22,67,0;15694,15739,15,59,3;15849,15936,19,63,0;17319,17773,35,79,2;18085,18559,22,76,0;18909,18949,18,79,0;19618,19698,21,71,0;28652,28705,32,62,0;13251,13315,17,78,0;7629,7658,16,64,3;7593,7689,11,79,5;10670,10695,20,50,3;10656,10888,15,79,5;11034,11066,16,67,3;11006,11110,11,78,5;12573,12829,13,78,5;12884,12921,18,74,3;12861,12985,12,77,5;13186,13213,17,56,3;13096,13227,11,78,5;15644,15759,12,78,5;19024,19061,17,67,3;19558,19584,10,80,3;28557,28729,14,77,5;18606,20247,15,78,5
2014,06,07;12273,12311,15,48,3;10872,10994,19,61,0;11185,11269,11,69,0;10655,10711,18,74,0;11437,11524,17,76,0;22101,28635,17,78,0;12243,12358,11,77,5;12900,12928,21,71,3;12818,13031,16,77,5;8179,8224,14,53,3;6551,8837,15,77,5
2014,06,08;7946,8011,19,76,0;8035,8088,15,77,0;8166,8212,15,78,0;8307,8361,20,77,0;8440,8493,20,75,0;8831,8852,16,64,3;8948,8972,13,75,3;9029,9056,15,66,3;9489,9519,15,67,3;9570,9597,14,68,3;8825,8882,12,79,5;8936,9534,13,79,5;9555,9831,14,79,5
2014,06,09;3291,3317,18,72,3;10848,10875,19,64,0;11374,11411,16,68,3;548,595,20,70,0;3133,3175,18,71,0;5146,5181,14,79,0;11293,11326,15,72,0;21724,21804,17,71,0;1027,1054,15,59,3;946,1258,15,78,5;3276,3336,14,79,5;5220,5247,12,64,3;4394,5343,15,79,5;8103,8124,13,53,3;8130,8154,17,52,3;7715,8481,13,78,5;8671,8698,16,64,3;8554,9160,15,78,5;10668,11431,14,78,5;16575,16608,14,55,3;15737,16731,11,77,5
2014,06,10;5366,5396,14,57,3;14700,14739,16,71,3;1509,1532,17,79,0;5243,5305,15,78,0;13795,14571,17,78,2;13546,13599,22,77,0;14587,14617,15,77,0;14815,14877,18,71,0;14938,15615,20,71,0;16497,16539,17,77,0;18308,19343,15,77,2;24452,24538,14,78,0;27677,28617,18,76,0;4929,6200,13,76,5;13635,13665,23,77,3;13238,13695,13,78,5;14587,14767,15,78,5;16865,16896,20,79,3;16740,16908,15,79,5;24566,24603,16,72,3;23757,24890,13,78,5
2014,06,11;4024,4066,19,65,3;4874,4927,20,52,0;5012,5058,15,55,0;4304,4340,18,62,3;3929,3982,20,65,0;13432,13584,17,78,0;14018,14085,18,78,0;26930,27042,16,78,0;4401,4428,15,75,3;3461,4434,13,77,5;13612,13646,11,78,3;13937,13964,14,78,3;13673,13694,16,79,3;13700,13730,17,79,3;13746,13771,16,75,3;13843,14570,15,77,5;13421,13653,12,77,5;13668,13791,14,79,5;360,3366,36,65,6
2014,06,12;1542,1591,13,76,3;1747,1805,12,78,3;4091,4131,15,62,3;808,880,18,77,0;1886,1935,15,78,0;4171,4216,11,78,0;8862,8974,13,78,0;9391,9557,14,78,0;15693,15778,16,77,0;20033,20113,15,78,0;18799,18848,11,79,0;1382,1833,12,78,5;1986,2007,16,55,3;1854,2019,12,78,5;3988,5018,12,78,5;18894,18944,25,76,3;18367,18954,18,79,5
2014,06,13;10146,10258,13,78,0;11090,11184,14,78,0;16245,16374,13,78,0;16406,16518,13,79,0;25504,25571,14,79,0;24968,25048,12,78,0;25960,26081,13,78,0;26260,26381,12,78,0;18096,24365,17,78,4;390,771,40,76,2;1030,1375,18,78,0;5056,5089,15,70,3;4972,5714,11,78,5;10426,10456,12,79,3;10493,10520,17,60,3;10625,10661,13,75,3;11274,11310,17,74,3;11328,11358,15,73,3;9844,10673,12,77,5;10949,12289,10,78,5;24591,24615,14,72,3;24531,24627,12,78,5;1534,6000,26,61,4
2014,06,14;12446,12594,16,78,0;20263,20344,14,76,0;13351,18608,18,77,0;12978,13005,14,75,3;13011,13038,15,65,3;12909,12942,17,58,3;12864,13317,13,78,5;20621,20660,14,65,3;19555,20925,14,78,5
2014,06,15;18295,24419,16,79,4;11188,16895,18,78,0
2014,06,16;9493,9522,17,74,0;13520,13565,14,71,0;19294,19312,19,79,0;13583,13610,18,63,3;11769,13908,12,78,5
2014,06,17;3353,3395,28,59,0;1518,1746,11,79,0;2060,2182,17,78,0;2382,2518,19,78,0;3146,3239,18,63,0;4768,4819,18,67,0;5214,5238,17,69,0;5413,5468,16,75,0;7768,8007,18,78,0;8158,8271,18,79,0;11684,11853,18,79,0;12712,12792,16,78,0;16146,16179,16,65,0;22023,22218,18,79,0;7007,7101,16,61,0;1951,1984,17,60,3;2200,2221,18,57,3;2261,2282,13,62,3;1900,2291,14,78,5;3281,3317,18,63,3;3092,3749,12,78,5;5271,5302,14,70,3;4692,4734,18,68,3;4307,6299,12,78,5;7257,7296,15,59,3;7543,7570,20,74,3;7612,7639,17,73,3;6344,7314,12,77,5;7528,7651,12,79,5;8104,8134,13,79,3;8089,9447,12,79,5;16065,16096,17,67,3;15120,18346,15,77,5;22363,22405,15,76,3;19843,22417,11,78,5
2014,06,19;9932,9953,17,57,0;14862,15103,14,56,0;9993,10020,13,76,3;9570,10471,12,79,5;14724,14748,16,50,3;14712,15880,13,73,5
2014,06,20;8289,8322,10,80,3;8346,8414,14,79,0;18845,18895,17,78,0;24414,24561,18,79,0;24881,24881,78,79,0;25945,26028,15,79,0;7291,7473,16,77,0;7111,8727,11,79,5;18179,18207,17,64,3;18526,18545,14,74,3;18582,18610,15,77,3;18623,18657,16,77,3;18663,18685,16,78,3;18170,18691,11,78,5;24637,24655,13,79,3;24662,24687,13,79,3;24627,26213,12,79,5
2014,06,21;22913,23015,15,56,0;19293,19334,26,62,3;19103,20083,15,78,5
2014,06,23;11997,12223,10,80,0;13700,13773,14,55,3;14197,15236,17,79,2;15844,17393,17,78,0;11507,14142,11,79,5
2014,06,24;26955,27179,16,79,0;11226,11905,19,76,0
2014,06,25;3999,4020,10,80,3;4995,5028,16,47,3;21188,21316,10,80,0;21814,21853,10,80,3;287,333,21,79,0;2301,2474,19,57,0;4145,4175,13,79,0;4872,4927,16,47,0;5197,20797,14,78,0;216,243,35,63,3;2670,2709,13,62,3;50,2724,11,79,5;3975,5152,16,78,5;21759,22375,11,79,5
2014,06,26;5271,5835,29,74,2;16882,16940,15,76,3;4184,4609,19,75,0;9855,9900,19,77,0;16675,16742,16,75,0;18855,18922,15,78,0;1847,3523,12,76,0;10358,10415,17,56,3;10139,10956,13,78,5;16417,18282,13,77,5
2014,06,27;20490,20581,12,79,0;8333,8386,17,76,3;8069,8134,12,78,0;20389,20422,21,79,3;18965,20434,13,78,5;7000,8452,12,78,5
2014,06,28;1654,3300,20,78,0;3929,6885,29,76,6
2014,06,29;8963,9215,11,79,3;59,4337,11,78,0;8279,8567,12,78,0;4808,9646,12,78,5
2014,06,30;10305,28630,37,78,4
2016,04,10;1268,24270,35,76,6
2016,05,02;3141,4040,21,78,2
2016,05,04;21999,23387,18,75,2
2016,05,24;3449,7326,35,77,4
2014,07,01;263,15704,33,78,4;22395,22422,16,56,3;21608,22425,14,79,5
2014,07,02;5667,5694,22,54,3;5655,5772,13,78,5;8422,8452,17,66,3;9098,9140,16,62,3;8236,8518,17,79,5;9032,9212,13,78,5;10732,10750,17,72,3;10690,10882,14,78,5;14792,14822,19,63,3;14972,15002,17,58,3;14744,15014,15,79,5;16708,16741,18,53,3;16579,16612,19,62,3;16546,16798,15,63,5;17195,17216,15,76,3;17234,17246,14,74,3;17252,17276,12,79,3;17336,17363,16,62,3;17153,17456,12,79,5;17026,17056,13,58,3;16852,17117,12,79,5
2014,07,03;22372,22497,21,75,0
2014,07,04;4968,4995,18,71,3;5004,5031,26,64,3;3664,6500,17,78,5
2014,07,05;22371,22496,21,75,0
2014,07,06;22371,22496,21,75,0;8094,8133,14,69,3;8085,9623,12,79,5;20560,20617,26,79,3;20497,21488,13,79,5;22555,22585,15,64,3;21666,22591,14,79,5
2014,07,07;17303,25860,19,78,4;11142,11176,17,77,3;11091,11464,15,79,5;13735,13777,27,78,3;13801,13837,17,76,3;13684,13925,12,79,5
2014,07,08;28641,28685,15,78,0;4395,4423,14,68,3;4367,4485,11,79,5
2014,07,09;3273,3374,21,78,0;13149,13170,18,67,3;13130,13186,12,79,5
2014,07,10;6084,6205,17,76,0;24454,28688,11,79,0;10964,18929,39,78,6;10593,10626,13,68,3;10389,10632,12,78,5
2014,07,11;22753,22844,18,76,0;4514,7421,32,65,6
2014,07,12;153,22113,14,77,0
2014,07,13;22311,22436,21,75,0
2014,07,14;22252,22377,21,75,0
2014,07,15;22252,22377,21,75,0
2014,07,16;22252,22377,21,75,0
2014,07,17;22252,22377,21,75,0
2014,07,18;22251,22376,21,75,0
2014,07,19;22251,22376,21,75,0
2014,07,20;16624,24785,15,78,0
2014,07,21;940,2273,17,77,0
2014,07,22;13568,13617,18,76,0;14103,14153,12,79,3;13647,14163,12,79,5
2014,07,23;4367,4520,18,69,0;4622,4664,18,76,3;2567,5850,11,79,5
2014,07,24;183,7371,18,76,0
2014,07,25;4868,6075,17,75,0
2014,07,26;22251,22376,21,75,0
2014,07,27;22252,22377,21,75,0
2014,07,28;22251,22376,21,75,0
2014,07,29;22252,22377,21,75,0
2014,07,30;22251,22376,21,75,0
2014,07,31;18711,18759,12,62,3;17314,19589,12,78,5
2012,01,02;25325,25631,21,43,2;25983,26238,16,79,0
2012,01,06;11920,12314,19,73,3;12376,12864,17,79,0;99,28634,11,78,5
2012,01,13;4037,4156,16,74,3;4174,4325,12,79,0;10544,10952,18,75,3;10963,11366,16,79,0;99,28652,11,79,5
2012,01,16;18906,25409,12,79,0
2012,01,17;16688,16819,17,77,0
2012,01,19;17406,17978,23,64,2;7961,8635,16,79,0;8896,9669,13,78,0;16783,16810,19,56,3;16830,16881,18,63,3;16905,17118,18,64,3;99,19969,12,79,5
2012,01,20;9999,10045,16,72,3;10151,10191,17,73,3;10464,10501,16,67,3;8620,17843,12,78,5
2012,01,22;13970,17951,12,79,0;5360,5413,19,70,3;5310,5570,11,77,5
2012,03,02;5756,28471,12,77,0
2012,03,03;10330,17885,15,77,0
2012,03,04;10007,14799,15,79,4;3342,7143,11,78,0
2012,03,05;1127,13917,14,72,4
2012,03,06;25250,28682,11,78,0;1937,7017,16,73,4
2012,03,07;135,24598,19,73,4
2012,03,08;3082,7523,13,78,0
2012,03,09;5377,25337,15,74,4
2012,03,14;1952,2077,11,79,0;1797,1818,16,73,3;1822,1843,14,73,3;13,2421,12,78,5
2012,03,20;17691,17847,14,79,0;16197,16259,15,75,3;16170,16774,11,79,5
2012,03,21;5623,6206,14,77,0;27418,27790,16,77,0;766,1937,13,78,0;2225,3486,10,79,0;7287,7354,14,75,3;7206,7233,14,71,3;6356,7372,11,78,5;12435,12493,18,67,3;12529,12582,18,68,3;8853,12613,11,78,5;17384,17429,14,78,3;17447,17487,16,78,3;17581,17612,15,67,3;17680,17729,15,72,3;17814,17850,16,66,3;17881,17934,17,61,3;17358,21905,11,79,5
2012,03,24;3088,3526,38,64,2;2305,2837,17,78,0
2012,03,31;9992,10033,16,75,3;10431,10457,11,79,0;135,24148,16,78,5
2014,05,01;22791,22916,21,75,0;3098,3162,15,76,3;967,3343,12,77,5
2014,05,02;16277,16324,16,72,3;16273,16846,15,78,5
2014,05,03;22792,22917,21,75,0
2014,05,04;22792,22917,21,75,0
2014,05,05;22851,22976,21,75,0
2014,05,06;22851,22976,21,75,0;3710,3738,22,67,3;1355,3743,11,79,5
2014,05,07;22851,22976,21,75,0
2014,05,08;22852,22977,21,75,0
2014,05,09;22852,22977,21,75,0
2014,05,10;5125,6260,21,75,0;7391,7822,31,66,2;6597,6636,14,66,3;6298,7334,15,78,5
2014,05,11;23293,23384,18,76,0
2014,05,12;22851,22976,21,75,0;12845,13188,25,50,2
2014,05,13;22852,22977,21,75,0
2014,05,14;22852,22977,21,75,0
2014,05,15;22851,22976,21,75,0
2014,05,16;22851,22976,21,75,0
2014,05,17;22852,22977,21,75,0
2014,05,18;22851,22976,21,75,0
2014,05,19;22851,22976,21,75,0
2014,05,20;17225,25386,15,78,0
2014,05,21;1541,2874,17,77,0
2014,05,22;14168,14217,18,76,0
2014,05,23;15738,15783,19,72,3;14595,16746,12,78,5
2014,05,24;723,7911,18,76,0
2014,05,25;5407,6614,17,75,0
2014,05,26;22791,22916,21,75,0
2014,05,27;22791,22916,21,75,0;11895,17233,30,77,4
2014,05,28;22791,22916,21,75,0
2014,05,29;3770,7145,28,62,6;12196,12231,13,76,3;12282,12323,13,65,3;10297,13937,12,78,5
2014,05,30;22791,22916,21,75,0
2014,05,31;22792,22917,21,75,0
2014,11,01;10980,11430,13,78,0
2014,11,02;7701,9034,27,78,2;10980,12457,17,79,0
2014,11,03;23632,23757,21,75,0;15094,15868,26,78,2;12665,13183,12,78,0;12039,12618,11,78,0;11292,11474,13,77,0;20927,21089,20,72,0;8866,8940,14,75,3;8261,8315,18,75,3;9089,9250,12,78,0;9425,9661,13,78,0;7278,9021,12,78,5
2014,11,04;5126,8864,29,78,6
2014,11,05;8003,8790,24,78,2;11263,12151,13,79,0
2014,11,07;23631,23756,21,75,0;15555,15808,14,79,0;19951,20275,15,79,0;25358,25395,28,67,3;25343,26251,21,79,5
2014,11,09;12713,12906,15,78,0
2014,11,10;5846,6981,21,75,0
2014,11,18;23512,23637,21,75,0;12802,12829,22,65,3;6629,6797,17,78,0;12883,12934,19,65,0;17274,17301,22,66,3;17334,17396,16,78,0;10546,13913,12,78,5;14871,18196,12,76,5
2014,11,19;19419,19603,12,78,0;19710,19752,18,68,3;18577,19785,11,78,5
2014,11,23;5567,5720,18,69,0
2014,11,29;23331,23456,21,75,0
2014,11,30;3770,3808,21,77,3;3139,3183,13,78,0;3699,4299,14,78,5
2016,07,17;1602,11729,31,77,4
2016,07,23;79,10500,34,60,6
2014,10,03;20224,28604,35,73,6
2014,10,04;23332,23457,21,75,0;4622,5054,14,79,0;5937,6351,14,79,0;4226,4280,17,74,3;4367,4406,17,73,3;4412,4448,16,74,3;5274,5310,16,74,3;4078,5343,12,78,5;9480,9510,14,78,3;9430,9523,14,78,5;24224,24251,15,67,3;24269,24296,16,68,3;24311,24368,16,75,3;23497,25444,14,77,5
2014,10,09;10221,10410,12,78,0;12153,12543,13,78,0;616,925,14,78,0;5932,5985,11,79,0;346,380,15,62,3;405,436,16,59,3;452,493,15,67,3;511,552,17,62,3;277,3484,11,78,5;5718,5746,14,65,3;5755,5802,14,71,3;5052,8303,12,78,5;11830,11871,17,65,3;11758,11974,14,77,5
2014,10,11;23893,23984,18,76,0
2014,10,19;23511,23636,21,75,0
2014,10,21;2261,3594,17,77,0;17628,19283,15,68,2;25387,25449,13,78,0;25699,25951,15,77,0;26185,26671,14,79,0;26793,27062,14,78,0;17115,17175,20,74,3;17007,17190,12,78,5
2014,10,22;14889,14938,18,76,0
2014,10,24;1171,2371,21,77,2;2391,3514,12,79,0;581,845,13,79,0
2014,10,30;23632,23757,21,75,0;20173,21458,22,79,2;16354,17459,15,78,0;26114,26438,14,79,0;27647,28062,29,78,2;28126,28502,16,78,0;23039,23134,13,78,0;19195,19221,26,74,3;19250,19276,15,79,0;13939,13981,25,70,3;13786,13833,13,79,0;8855,8957,14,77,0;14054,14084,25,64,3;12639,15679,14,78,5;18638,19812,12,77,5
2014,10,31;3126,3469,12,79,0;7378,7702,13,79,0;5793,5850,20,70,3;3871,6298,12,77,5
2014,04,01;22371,22496,21,75,0
2014,04,02;26069,26089,18,78,3;25241,26129,13,79,5;19704,20632,31,77,2;21785,22280,17,50,2;20266,24999,32,74,4
2014,04,03;22432,22557,21,75,0
2014,04,04;21031,28442,29,67,6
2014,04,05;22491,22616,21,75,0
2014,04,06;22491,22616,21,75,0
2014,04,07;22491,22616,21,75,0
2014,04,08;22491,22616,21,75,0
2014,04,09;21621,21746,21,75,0
2014,04,10;4826,5961,21,75,0
2014,04,11;22994,23085,18,76,0;8516,8564,19,72,3;8110,9069,14,78,5;13003,13085,12,63,3;11732,13849,10,77,5;25661,26312,27,64,2
2014,04,12;22551,22676,21,75,0
2014,04,13;22611,22736,21,75,0
2014,04,14;22612,22737,21,75,0
2014,04,15;100,4261,11,79,0;10356,10374,13,73,3;10381,10398,12,79,3;10615,10642,13,79,3;10649,10675,12,73,3;9162,10407,11,78,5;10509,10702,11,79,5
2014,04,16;14510,18221,17,78,0;3186,3249,17,66,3;2976,3329,11,78,5;3735,6771,23,67,6;24576,28650,26,67,6
2014,04,17;22671,22796,21,75,0;10659,10696,12,68,3;9602,11684,14,78,5
2014,04,18;18244,19510,14,79,2;16987,17126,13,79,3;23301,24639,17,76,0;17418,21938,25,79,4;16910,17326,14,78,5
2014,04,19;22671,22796,21,75,0;5639,5674,16,76,0;5573,5703,11,79,5;5745,6142,37,63,2;9188,9213,14,77,3;9352,9374,14,72,3;9345,9410,11,79,5;8911,8942,14,45,3;8043,9217,11,78,5;17831,17853,16,79,3;16471,17860,11,79,5;22486,22502,16,65,3;21618,22530,12,78,5
2014,04,20;9839,9862,16,66,3;9833,11505,12,78,5;13391,13422,21,57,3;11667,13428,11,78,5;14492,14530,18,59,3;13715,15509,15,78,5;20637,20657,14,52,3;20668,20690,15,62,3;20628,20697,11,79,5
2014,04,21;1420,2753,17,77,0
2014,04,22;14048,14097,18,76,0
2014,04,23;4847,5000,18,69,0
2014,04,24;663,7851,18,76,0
2014,04,25;5347,6554,17,75,0
2014,04,26;22731,22856,21,75,0
2014,04,27;22792,22917,21,75,0
2014,04,28;22791,22916,21,75,0
2014,04,29;22792,22917,21,75,0
2014,04,30;22791,22916,21,75,0;24986,25013,18,69,3;23941,25068,14,78,5
2012,02,02;21381,21993,25,58,2;22646,23400,10,78,0
2012,02,03;8267,8407,19,67,3;9171,9502,13,78,0;146,11576,15,78,5
2012,02,12;23614,23701,18,67,3;24664,24791,11,77,0;17882,27967,11,78,5
2012,02,17;1956,2964,12,78,0;3935,3964,16,70,3;4061,4092,14,61,3;3927,4003,11,79,5;4042,4102,11,79,5;1890,3478,12,78,5
2012,02,29;549,1648,11,78,0
2012,06,01;5047,6389,0.4357406755349748,19.0,3;7792,12125,0.1953207162689388,2.0,3;16884,21582,0.1155835782160652,2.0,3;24877,27074,0.2350534999722309,1.0,3;18766,18815,17.0,78.0,0;18912,18959,19.0,79.0,0
2012,06,02;22377,26099,0.11186187968595578,19.0,3;22927,23163,12.0,76.0,0;22582,22611,15.0,76.0,3;22560,22617,11.0,78.0,5;25999,26025,25.0,63.0,3;24967,26039,11.0,78.0,5
2012,06,03;8037,9501,0.2082914142104916,17.0,3;10294,12491,0.2261584848892753,6.0,3;15115,18348,0.13429193847352563,13.0,3;8548,8980,15.0,78.0,0;8189,8215,16.0,76.0,3;8290,8317,15.0,78.0,3;8233,8264,14.0,65.0,3;8160,8184,14.0,75.0,3;8098,8120,13.0,55.0,3;8073,8527,11.0,79.0,5
2012,06,04;4131,6328,0.43686275956008874,19.0,3;5901,11270,0.16272220350458133,19.0,3;11393,15176,0.15403490263290207,19.0,3;20179,24633,0.2975440548504057,17.0,3;24389,29759,0.03052830068477964,16.0,3;8260,8638,19.0,78.0,0;6239,6270,12.0,78.0,3;5646,6279,10.0,78.0,5;11962,11986,11.0,75.0,3;11955,12134,11.0,79.0,5
2012,06,05;3828,4152,18,78,0;4332,10331,17,79,0;27445,27625,20,66,0;3058,3095,14,62,3;595,3255,12,77,5
2012,06,06;11780,11972,16,77,0;9419,9450,13,66,3;10110,10141,14,70,3;10154,10212,11,74,3;10358,10387,13,73,3;10941,10976,12,78,3;11220,11244,12,63,3;11377,11410,14,71,3;9395,11754,11,78,5
2012,06,07;21729,22888,18,76,0;23372,25610,22,74,0;13149,14970,13,77,0;7911,8857,20,62,2
2012,06,08;12873,13083,17,73,0;16057,16289,15,77,0;18216,18327,14,72,0;19226,19378,16,76,0;20071,20161,15,78,0;24303,24437,16,76,0;5760,5784,16,61,3;4599,5791,13,78,5;12049,12091,12,65,3;11132,12097,11,77,5;13375,13415,11,71,3;13454,13494,11,71,3;13570,13598,11,57,3;13147,13902,11,78,5;16640,16669,11,76,3;16315,16674,11,78,5;16714,16749,15,69,3;16707,17927,12,79,5;18992,19027,11,66,3;19076,19105,15,68,3;18938,19209,12,78,5;19710,19750,14,74,3;19958,19994,14,67,3;19409,19788,12,77,5;19879,20060,11,78,5;24840,24875,16,68,3;24886,24911,13,63,3;25001,25026,15,68,3;25137,25159,14,77,3;24468,25041,11,78,5;25117,25757,13,79,5;25777,25804,16,60,3;25771,26353,12,78,5
2012,06,09;22671,22796,21,75,0
2012,06,10;4945,6080,21,75,0
2012,06,11;23113,23204,18,76,0
2012,06,12;8954,9156,22,73,0
2012,06,13;19969,28652,15,78,4;279,6710,14,78,0
2012,06,14;21500,28688,15,78,4
2012,06,15;26076,26706,16,77,0
2012,06,16;12064,12297,17,77,0
2012,06,17;25715,26526,14,75,0
2012,06,18;2224,2244,14,64,3;1549,2251,11,78,5;3022,3048,14,60,3;2975,3002,16,62,3;2966,4904,12,79,5
2012,06,19;14656,28364,14,77,0
2012,06,20;16924,25085,15,78,0
2012,06,21;1181,2514,17,77,0
2012,06,22;13809,13858,18,76,0
2012,06,23;4607,4760,18,69,3
2012,06,24;423,7611,18,76,0
2012,06,25;5107,6314,17,75,0
2012,06,26;10577,10628,11,61,3;10709,10748,11,55,3;10559,11193,11,79,5
2012,06,27;22964,23002,13,76,3;22408,23009,11,77,5;22057,22099,12,78,3;22116,22147,14,53,3;22209,22243,14,72,3;20858,22373,12,78,5;20806,20842,16,65,3;20091,20851,11,78,5;18346,18386,12,66,3;17772,18390,13,77,5;16837,16881,11,79,3;16719,16746,12,78,3;16420,16888,12,78,5;11272,11303,12,66,3;11325,11361,14,59,3;11265,11545,11,79,5;9727,9758,14,79,3;9621,9641,15,70,3;9302,9765,11,78,5;7510,7552,15,64,3;6299,7838,13,78,5
2012,06,28;27427,27458,21,71,3;27467,27496,15,78,3;27511,27569,14,63,3;27420,27589,11,79,5;26351,26389,17,78,3;26034,26398,11,78,5;25975,26003,16,67,3;25543,25574,15,63,3;25073,26019,10,78,5;24921,24963,16,67,3;24897,25056,11,78,5;23292,23314,18,65,3;23319,23339,12,79,3;23170,23192,16,68,3;23144,23363,12,79,5;23458,23485,17,74,3;23454,23565,11,79,5;20876,20900,13,56,3;20905,20923,13,79,3;20841,21385,12,78,5;19459,19484,11,79,3;19488,19510,12,79,3;19550,19577,11,79,3;19597,19619,11,79,3;19626,19650,11,78,3;19679,19696,11,76,3;19796,19827,12,75,3;19789,19871,13,79,5;19090,19703,11,78,5;17768,17806,11,77,3;18087,18119,14,78,3;17426,18128,11,78,5;14953,14990,11,79,3;14437,15017,11,79,5;13982,14010,10,80,3;14081,14104,10,80,3;13925,13961,10,78,3;13851,13876,11,78,3;13842,14369,11,79,5;11984,12016,12,78,3;12037,12069,12,80,3;12078,12115,12,79,3;12141,12182,11,78,3;12249,12279,12,78,3;12373,12419,12,78,3;12444,12472,13,79,3;12488,12518,12,79,3;12364,12820,14,79,5;11956,12189,12,79,5;12228,12290,11,80,5;12845,12875,14,78,3;12829,12893,11,79,5;11411,11445,15,75,3;11360,11669,11,78,5;10397,10432,11,73,3;10020,10052,15,76,3;10310,10954,18,78,5;9994,10280,11,79,5;7275,7316,12,79,3;7597,7627,16,71,3;7560,8681,11,78,5;6987,7473,12,77,5;6091,6133,16,65,3;5511,5532,16,69,3;5536,5571,14,78,3;5576,5610,12,78,3;5619,5656,12,78,3;5688,5721,13,63,3;5306,6315,12,77,5;2761,2795,15,74,3;2747,3452,11,79,5
2012,06,29;11216,11346,9,77,5;15210,15261,11,79,3;11103,11132,19,78,3;11570,11605,11,79,3;11612,11639,11,79,3;11369,11645,12,79,5;11291,11326,19,77,3;11205,11340,11,79,5;10651,11138,11,76,5;15392,15420,12,79,3;15427,15463,12,79,3;14001,15471,11,77,5;22322,22359,15,78,3;22381,22421,14,75,3;22306,22572,12,78,5;26545,26574,15,78,3;25602,26589,11,78,5;27615,27644,16,69,3;27225,27923,12,78,5;2279,7539,24,68,4
2012,06,30;495,1072,13,78,0;6547,6580,14,79,3;6598,6627,12,79,3;6667,6713,15,78,3;6540,6726,11,79,5
2014,01,01;22431,22556,21,75,0
2014,01,02;22372,22497,21,75,0;11391,11427,20,67,3;100,13070,14,78,5
2014,01,03;7605,7638,27,68,3;17413,17437,22,64,3;21779,21899,20,74,0;4495,4675,19,71,0;8423,8448,26,66,3;6284,7718,11,77,5;8404,8459,11,78,5;16043,17449,12,76,5;22390,22433,21,74,3;21941,22449,13,78,5;24840,24875,25,78,3;24831,26187,12,79,5
2014,01,04;22311,22436,21,75,0;27084,27108,30,77,3;25261,27117,12,78,5
2014,01,05;28093,28255,18,75,0;730,25805,28,77,4
2014,01,06;27120,27517,15,78,0;135,26346,27,74,4
2014,01,07;28201,28508,16,78,0;694,27175,24,71,4
2014,01,08;261,28454,22,73,4
2014,01,09;22191,22316,21,75,0;12213,16769,18,78,0
2014,01,10;27967,28345,13,77,0;261,24635,17,76,0
2014,01,11;4459,26958,26,68,4;81,3540,12,78,0
2014,01,12;261,18546,17,76,0;19266,26670,15,74,0
2014,01,13;22132,22257,21,75,0
2014,01,14;22071,22196,21,75,0
2014,01,15;22072,22197,21,75,0
2014,01,16;22071,22196,21,75,0
2014,01,17;22011,22136,21,75,0
2014,01,18;22011,22136,21,75,0
2014,01,19;22011,22136,21,75,0
2014,01,20;16325,24486,15,78,0
2014,01,21;640,1973,17,77,0
2014,01,22;10553,10602,18,76,0
2014,01,23;4007,4160,18,69,0
2014,01,24;14020,14051,19,67,3;14055,14084,19,78,3;12631,14099,13,78,5;16803,16821,26,62,3;16163,16956,12,77,5;20429,20451,18,57,3;20584,20602,16,58,3;20482,20500,17,56,3;20389,20418,19,55,3;20515,20542,19,48,3;18617,20659,11,78,5;24628,24654,21,65,3;22940,25292,13,78,5
2014,01,25;4508,5715,17,75,0
2014,01,26;21891,22016,21,75,0;1899,2287,29,67,2;2360,2626,22,78,0;15126,15166,19,67,3;5175,5200,35,67,3;5168,5863,12,78,5;13710,16332,21,78,5;20066,20098,20,59,3;20139,20167,17,61,3;18595,20174,11,76,5
2014,01,27;21891,22016,21,75,0
2014,01,28;21832,21957,21,75,0;4184,4221,20,71,3;3116,4343,16,78,5
2014,01,29;21162,21225,17,78,0
2014,01,30;21832,21957,21,75,0;620,2963,27,68,6
2014,01,31;460,28653,23,70,4
2012,07,02;44,8294,29,79,4
2012,07,03;17045,21096,32,71,4
2012,07,04;16276,17438,24,75,2;17585,26063,17,75,4
2012,07,08;9620,15166,20,78,4;214,3243,35,60,0
2012,07,14;3879,26088,39,76,4
2012,07,17;21397,28458,14,79,4
2012,07,31;11795,17805,19,77,6
2012,05,01;8404,27733,15,79,0;3216,7953,14,78,0
2012,05,02;13621,13795,16,69,3;12681,12945,15,79,0;19051,28040,14,78,0;118,28526,12,79,5
2012,05,07;16663,20699,12,79,0;23121,26346,13,76,4;22769,22809,14,71,3;22460,22840,11,78,5
2012,05,08;406,4586,13,78,0;15599,15645,14,75,3;21134,21159,18,75,3;21431,21458,15,69,3;21855,21886,17,66,3;22008,22032,17,68,3;22874,22903,16,72,3;22914,22945,15,76,3;25836,25867,17,73,3;25824,26606,11,79,5;24867,24896,19,66,3;24189,24953,12,77,5;22156,22980,12,77,5;21950,22050,14,74,5;19688,21894,12,78,5;14566,16657,12,77,5;12514,12549,14,78,3;10986,12598,12,77,5
2012,05,09;22879,23284,9,77,5;8367,8387,13,77,3;8473,8496,14,79,3;7939,8500,11,78,5;9025,9051,15,79,3;8699,9058,14,78,5;9330,9349,13,76,3;9352,9376,11,79,3;9272,9383,11,79,5;9505,9529,15,78,3;9533,9553,12,79,3;9558,9589,13,79,3;9598,9624,12,79,3;9633,9651,14,79,3;9485,9498,11,69,3;9451,9657,11,79,5;10531,10553,16,78,3;10646,10670,15,79,3;10276,10695,11,78,5;11206,11232,20,63,3;11181,11237,11,79,5;11505,11531,16,65,3;11666,11691,17,71,3;11354,11790,12,78,5;12091,12113,15,73,3;12316,12343,14,79,3;12347,12367,15,79,3;12394,12418,12,70,3;12057,12489,11,78,5;12935,12964,13,77,3;12736,12982,11,79,5;13144,13161,14,79,3;13197,13219,13,75,3;13108,13232,11,79,5;13341,13385,13,78,3;13451,13474,12,77,3;13259,13409,11,79,5;13425,13478,11,79,5;13631,13647,18,77,3;13663,13681,15,66,3;13711,13746,14,74,3;13621,13801,13,79,5;13888,13909,14,77,3;14006,14031,12,73,3;13877,14043,12,79,5;14178,14204,18,78,3;14250,14266,14,75,3;14131,14217,13,79,5;14246,14378,12,78,5;14563,14593,15,66,3;14428,14639,11,78,5;15238,15268,14,77,3;15178,15376,13,78,5;16052,16075,14,77,3;16087,16114,14,64,3;16017,16310,11,78,5;17916,17937,15,71,3;18073,18096,14,65,3;18137,18179,14,49,3;17861,18356,13,79,5;19624,19652,13,76,3;19445,19684,12,77,5;19845,19878,15,66,3;19733,20025,12,78,5;20248,20274,13,75,3;20205,20317,14,78,5;20616,20641,14,75,3;20561,20676,10,75,5;21736,21759,18,66,3;21543,21778,12,78,5;22733,22768,15,74,3;22791,22819,16,71,3;22729,22851,12,79,5;22922,22943,16,69,3;22969,22987,17,76,3;23005,23025,16,76,3;22883,23182,12,76,5;23303,23323,16,57,3;23194,23416,12,78,5;23485,23507,17,77,3;23509,23531,13,79,3;23462,23666,12,78,5;24550,24572,19,75,3;24513,24597,12,78,5;24940,24975,24,66,3;24929,25057,14,78,5;26072,26100,21,75,3;25979,26200,14,78,5;27626,27662,22,67,3;27420,27668,11,78,5;27704,27722,26,76,3;27695,27733,11,79,5;27945,27967,21,74,3;27939,27976,11,78,5
2012,05,10;2260,2298,22,70,3;7635,7677,16,78,3;7609,7702,11,79,5;2253,2464,18,77,5;4770,4799,16,55,3;4666,4981,12,78,5;8622,8649,14,74,3;8564,8704,17,77,5;18326,18362,16,70,3;18301,18462,16,79,5;19361,19392,15,67,3;19357,19450,12,79,5;21887,21925,13,58,3;21934,21976,16,69,3;22014,22045,18,47,3;22053,22082,15,66,3;21690,22153,12,78,5;22553,22579,13,68,3;22519,22652,11,79,5;23126,23153,14,72,3;23075,23259,11,78,5;23746,23777,12,74,3;23992,24016,15,73,3;23677,24027,11,79,5;24395,24420,14,73,3;24462,24482,13,72,3;24488,24508,14,73,3;24527,24549,15,70,3;24383,24556,11,79,5;25563,25594,16,64,3;25346,25605,11,79,5;26600,26629,15,74,3;26733,26762,13,64,3;26460,26633,12,78,5;26693,26870,12,79,5
2012,05,11;5398,5421,16,57,3;5354,5485,12,79,5;7375,7399,14,79,3;7406,7426,13,79,3;7284,7430,12,79,5;11843,11867,15,71,3;11807,11874,11,78,5;12000,12033,14,78,3;11996,12042,12,79,5;26865,26896,16,68,3;26834,26919,11,79,5;27561,27827,12,78,0;27302,27521,12,78,0;388,1577,12,79,0
2012,05,12;11788,11808,14,74,3;11779,12063,12,79,5
2012,05,14;22545,26652,12,78,0;11034,11538,16,77,0;2652,2674,17,69,3;1946,3492,12,77,5;3717,3745,14,63,3;3504,3770,12,77,5;5167,5189,15,69,3;5196,5227,15,68,3;3884,5326,11,77,5;6674,6701,14,78,3;6707,6732,13,79,3;6668,6818,11,79,5;6825,6854,14,78,3;6880,6902,15,71,3;6918,6936,15,62,3;6967,6989,16,60,3;6820,7022,11,79,5;7243,9294,12,78,0;17331,17367,12,79,3;15633,18993,11,78,5;19031,19879,16,78,0
2012,05,15;2045,2657,11,79,0;7578,7620,15,79,3;7627,7691,13,79,3;6688,8608,11,79,5;16052,16075,15,65,3;15946,16170,12,79,5;17453,17478,12,63,3;16523,17967,10,77,5
2012,05,19;7809,11556,13,79,0;5107,5449,14,78,0;1648,1991,16,76,0;1159,1180,14,73,3;1187,1208,16,63,3;140,1625,13,78,5;4450,4461,17,76,3;4468,4482,12,78,3;4196,4572,11,78,5;4081,4104,20,66,3;4060,4129,12,78,5;12186,12213,15,52,3;12153,12365,12,78,5;13503,13547,14,79,3;13586,13604,16,77,3;13643,13683,11,64,3;12865,13611,11,79,5;13625,14785,11,79,5;15501,15540,12,79,3;15491,15761,14,79,5
2012,05,21;14475,28581,12,79,0
2012,05,26;9160,9629,13,78,0;19976,20003,13,77,3;20018,20043,13,77,3;20056,20094,12,78,3;20293,20328,15,70,3;19967,20220,13,80,5;20251,20339,11,79,5;26154,26183,15,65,3;26307,26333,15,67,3;25713,26389,12,78,5;16310,16339,12,78,3;16685,16716,11,77,3;16758,16784,12,78,3;16246,16386,11,79,5;16587,16809,11,79,5;15368,15394,12,51,3;15064,15572,12,78,5
2012,05,30;2729,3378,11,80,0;21718,21740,17,75,3;21289,21749,11,78,5
2012,05,31;4314,5089,13,78,0
2012,11,24;21497,22657,25,77,2
2014,03,01;21891,22016,21,75,0
2014,03,02;21891,22016,21,75,0
2014,03,03;21891,22016,21,75,0;20529,20676,16,77,0;20833,20967,14,78,0;2756,2772,22,74,3;2779,2807,24,67,3;1222,3423,15,78,5;8389,8418,24,77,3;8380,9383,12,78,5;12973,12993,22,78,3;12942,12962,18,76,3;10355,13002,12,78,5;13177,13206,18,78,3;13213,13239,13,65,3;13170,13593,12,79,5;20326,20374,19,73,3;20298,20510,14,77,5
2014,03,04;21951,22076,21,75,0
2014,03,05;21951,22076,21,75,0;4729,6674,14,74,0;11434,11452,23,76,3;11456,11476,18,79,3;9155,11480,11,79,5;19458,21234,24,75,6
2014,03,06;21951,22076,21,75,0
2014,03,07;21951,22076,21,75,0
2014,03,08;21951,22076,21,75,0
2014,03,09;22012,22137,21,75,0
2014,03,10;4285,5420,21,75,0
2014,03,11;22453,22544,18,76,0
2014,03,12;22071,22196,21,75,0;4311,4340,18,73,3;3142,4346,12,77,5
2014,03,13;22072,22197,21,75,0
2014,03,14;7234,10419,34,70,6
2014,03,15;22071,22196,21,75,0;20365,20380,31,71,3;19960,20511,11,78,5
2014,03,16;22131,22256,21,75,0;16669,16713,19,69,3;16122,16824,14,77,5
2014,03,17;22131,22256,21,75,0
2014,03,18;22132,22257,21,75,0
2014,03,19;22191,22316,21,75,0;14249,14293,20,69,3;26891,26929,19,61,3;28198,28240,21,60,3;27877,27919,23,61,3;27777,27812,31,64,3;7472,7495,25,78,3;7499,7523,25,78,3;4476,7530,12,78,5;12164,12202,17,75,3;11121,13234,14,79,5;13266,14581,14,78,5;14973,15000,28,67,3;14953,15472,13,78,5;16266,16278,26,70,3;15591,16707,17,76,5;17149,17185,21,62,3;17127,17142,14,68,3;17100,17120,13,76,3;16770,17521,12,78,5;23870,23903,19,70,3;23841,23861,14,73,3;22417,23908,11,76,5;26594,26639,20,57,3;27137,27172,27,59,3;27221,27248,25,59,3;26581,28694,13,78,5
2014,03,20;7593,15754,15,78,0
2014,03,21;881,2214,17,77,0;9256,10425,19,57,2
2014,03,22;13508,13557,18,76,0
2014,03,23;4366,4519,18,69,0
2014,03,24;183,7371,18,76,0;20739,20764,17,72,3;20770,20815,17,79,3;20688,22719,11,78,5
2014,03,25;4868,6075,17,75,0
2014,03,26;22312,22437,21,75,0
2014,03,27;22311,22436,21,75,0
2014,03,28;22311,22436,21,75,0
2014,03,29;22371,22496,21,75,0
2014,03,30;22371,22496,21,75,0;14240,14726,27,79,2
2014,03,31;22371,22496,21,75,0;1762,6568,32,73,6
2014,02,01;406,28328,22,69,4
2014,02,02;5181,26768,31,65,6
2014,02,03;21771,21896,21,75,0;25473,25497,22,69,3;23662,26320,13,77,5;279,3486,38,71,6
2014,02,04;21771,21896,21,75,0;7036,7125,17,72,0;11109,11140,23,51,3;11254,11281,19,57,3;10404,11287,13,78,5
2014,02,05;21771,21896,21,75,0;3071,17195,23,77,0
2014,02,06;21772,21897,21,75,0;9594,18529,18,77,0
2014,02,07;21771,21896,21,75,0;8001,8119,20,76,0;26231,26409,20,77,0
2014,02,08;21771,21896,21,75,0;13915,13963,18,78,3;13904,15126,19,78,5
2014,02,09;21772,21897,21,75,0;14137,14354,39,59,2;14459,14671,21,78,0
2014,02,10;4046,5181,21,75,0;14850,14963,19,78,0;18870,19367,16,78,0;3125,3158,30,68,3;1154,3225,12,78,5;7123,7147,19,69,3;6623,7150,19,78,5;14680,14700,24,73,3;14649,14722,16,77,5;17385,17403,27,74,3;17186,17410,16,79,5
2014,02,11;22213,22304,18,76,0;19700,20400,28,77,2;18664,19197,17,74,0;25454,28419,34,65,6
2014,02,12;21771,21896,21,75,0;22984,23508,27,72,0;534,6178,37,70,6;15919,15940,22,66,3;15878,15963,13,79,5;16420,16446,28,57,3;16305,16773,14,77,5;26777,26795,22,72,3;26119,27645,13,77,5
2014,02,13;21771,21896,21,75,0;10975,10990,19,60,3;9079,10997,12,78,5
2014,02,14;21771,21896,21,75,0;8773,8795,34,66,3;8841,8861,23,61,3;7107,8868,11,78,5
2014,02,15;21772,21897,21,75,0;16630,16670,20,73,3;20699,20779,18,76,0;25422,25556,17,78,0;14337,14353,20,78,3;14293,14674,15,79,5;16585,17364,17,78,5;25214,25234,19,61,3;25245,25269,16,77,3;25291,25309,19,66,3;24357,25398,11,77,5
2014,02,16;63,4368,12,78,0;21633,26377,22,78,0;5918,10547,28,75,6
2014,02,17;21772,21897,21,75,0
2014,02,18;21772,21897,21,75,0;14462,17807,20,77,0
2014,02,19;21771,21896,21,75,0
2014,02,20;16204,24365,15,78,0
2014,02,21;520,1853,17,77,0
2014,02,23;1746,1899,18,69,0
2014,02,24;423,4531,15,76,0;24468,24896,31,78,2;14079,14111,25,64,3;14283,14313,22,75,3;14277,14622,16,80,5;12573,14166,16,78,5;24090,24115,21,71,3;24166,24189,18,67,3;23512,24426,13,78,5;14652,15011,45,63,2
2014,02,25;4447,5654,17,75,0
2014,02,26;21831,21956,21,75,0;25431,25456,22,71,3;25336,26027,12,78,5
2014,02,27;21891,22016,21,75,0
2014,02,28;21892,22017,21,75,0;13282,13318,17,70,3;13273,13601,12,79,5
2012,10,05;158,3763,15,48,6
2012,04,09;16384,16991,16,47,2;13176,13984,17,77,0
2012,04,10;2801,3288,15,78,0;5850,5892,14,68,3;5905,5939,14,59,3;4313,6517,12,78,5
2012,04,14;423,5431,14,77,0
2012,04,18;16989,17274,15,78,3;12476,12976,16,79,0;18023,24088,12,79,4;4539,28065,12,78,5
2012,04,19;351,1072,12,79,0;15267,18798,12,79,0;11692,11737,15,79,3;11592,11623,16,73,3;11628,11650,14,79,3;11654,11683,15,74,3;11767,11792,16,79,3;11801,11834,13,78,3;11847,11871,13,75,3;11958,11980,17,74,3;11993,12009,18,79,3;11951,12379,11,79,5;10042,11880,10,78,5;2692,2721,15,60,3;2741,2765,13,59,3;2774,2805,10,76,3;2812,2854,15,79,3;2874,2902,13,70,3;2907,2931,14,68,3;2936,2960,12,60,3;3011,3033,14,67,3;2211,3518,11,78,5
2012,04,20;4639,4670,15,74,3;4252,5129,12,77,5;7736,7771,14,78,3;7949,7997,14,75,3;7909,7929,15,72,3;8066,8090,14,73,3;8097,8133,15,51,3;8170,8206,13,79,3;8307,8336,12,79,3;8341,8367,15,78,3;8374,8405,15,76,3;10095,10126,17,78,3;10141,10163,18,62,3;10724,10744,13,73,3;11169,11216,15,79,3;10788,10817,14,63,3;13817,13843,13,76,3;13763,13783,14,64,3;19321,19354,13,72,3;16307,19584,13,77,5;14838,14878,15,72,3;14745,15480,12,78,5;13753,14537,17,78,5;9035,11241,12,77,5;5967,8598,12,77,5
2012,04,23;20214,20547,14,78,3;18938,19397,11,78,0
2012,04,24;14975,15035,14,78,3;14761,14889,12,79,0;6,610,16,79,2;2961,3471,19,79,0
2012,04,27;14979,18780,13,78,0
2017,07,11;8753,18644,17,61,6
2017,07,15;10976,11300,27,60,2
2015,05,18;23903,24829,23,57,2
2015,05,27;17177,17770,29,78,2
2013,03,19;22521,26943,33,70,6
2013,03,30;19575,20239,29,79,2
2011,01,27;3640,4061,30,55,2;14665,15981,21,64,2
2015,10,16;18873,19498,27,76,2;20926,21370,34,78,2
2015,04,12;7290,11599,36,78,6
2015,04,23;5495,6912,20,76,2
2017,04,02;458,1333,20,60,2;1472,6335,17,59,4
2017,04,03;23654,24757,22,78,2
2017,04,18;7077,11967,17,70,4
2015,12,19;18554,19413,30,68,2
2015,12,28;10317,19507,26,65,4
2015,06,20;2589,8171,36,73,6
2015,06,22;3299,28689,32,79,4
2015,06,23;116,28738,13,79,4
2015,06,24;166,20000,38,78,4
2015,06,25;1953,12334,18,68,4
2011,02,14;17629,18425,21,65,2
2011,02,15;4270,15340,32,63,6
2011,02,16;22852,23897,24,70,2
2011,03,07;22834,23717,20,59,2
2011,03,09;9740,10783,25,69,2
2011,03,12;26812,27434,31,69,2
2013,01,11;4558,4897,39,71,2
2013,01,12;9719,25967,32,68,4
2013,01,13;9939,24892,33,69,4
2013,01,14;483,25037,27,71,4
2013,01,15;1264,24939,33,70,4
2015,07,18;24724,25164,27,43,2
2013,05,08;238,28458,16,78,4
2013,05,22;18676,19298,17,50,2;19369,21885,16,77,4
2013,05,31;12786,13838,13,72,2
2011,07,11;8514,9539,14,70,2
2011,12,24;19052,24916,27,70,4
2011,06,02;80,17434,26,78,4
2011,06,30;6109,26698,38,78,4
2013,04,05;9864,10480,36,71,2
2013,04,08;17122,23548,22,69,6
2013,04,11;116,4416,23,64,4
2013,04,18;7983,17903,18,79,4
2013,06,05;3704,4329,28,57,2;4393,15143,19,72,4
2013,06,18;26843,27389,31,63,2
2011,10,01;8022,8974,24,78,2;5192,6036,23,73,2
2011,10,21;19713,20452,23,52,2
2011,10,28;8131,23914,41,74,4
2011,04,04;605,12406,31,77,6
2011,04,07;11770,24768,32,73,4
2011,04,12;17219,21128,29,78,6
2011,04,14;4349,24974,23,79,4
2011,04,15;7545,15949,34,78,6
2011,05,29;5761,6605,16,66,2;6677,12609,19,79,4
2011,05,30;8240,8597,17,74,2
2011,11,09;20069,21346,28,79,2
2011,11,14;6423,7144,31,75,2
2013,07,06;4636,14262,26,78,4;14036,28500,20,65,4
